1,-0.3199999928474426
2,0.6399999856948853
3,-0.5599999874830246
4,2.0399999544024467
5,0.9999999776482582
6,0.2799999937415123
7,-0.6399999856948853
8,-0.9999999776482582
9,-0.2799999937415123
10,-0.9599999785423279
11,-1.2399999722838402
12,-0.8399999812245369
13,-0.35999999195337296
14,-0.11999999731779099
15,0.6399999856948853
16,0.7199999839067459
17,0.35999999195337296
18,-0.5199999883770943
19,0.6799999848008156
20,-0.1599999964237213
21,-1.2799999713897705
22,0.35999999195337296
23,0.19999999552965164
24,-0.9599999785423279
25,0.0
26,-0.9999999776482582
27,0.4399999901652336
28,-0.7199999839067459
29,-0.7199999839067459
30,-0.3999999910593033
31,-0.3999999910593033
32,0.3199999928474426
33,-0.9999999776482582
34,-0.6799999848008156
35,-0.7199999839067459
36,1.2799999713897705
37,-0.9999999776482582
38,-0.7199999839067459
39,0.2799999937415123
40,-0.7599999830126762
41,-0.47999998927116394
42,1.9199999570846558
43,1.4399999678134918
44,-0.2799999937415123
45,-1.0399999767541885
46,-0.23999999463558197
47,-0.03999999910593033
48,0.7599999830126762
49,-0.7199999839067459
50,-0.35999999195337296
51,-0.5199999883770943
52,1.6799999624490738
53,-0.5999999865889549
54,0.3199999928474426
55,-0.35999999195337296
56,-0.6799999848008156
57,-1.2799999713897705
58,-0.6799999848008156
59,0.0
60,-0.9599999785423279
61,-1.3199999704957008
62,-0.9599999785423279
63,0.6799999848008156
64,-1.0799999758601189
65,1.6399999633431435
66,-0.2799999937415123
67,-0.9599999785423279
68,-0.3999999910593033
69,0.3999999910593033
70,-0.35999999195337296
71,-0.6399999856948853
72,0.47999998927116394
73,-0.9999999776482582
74,-0.3999999910593033
75,1.839999958872795
76,-0.7199999839067459
77,0.5999999865889549
78,-1.1599999740719795
79,0.5999999865889549
80,-1.3599999696016312
81,-1.0399999767541885
82,1.9999999552965164
83,0.3999999910593033
84,-1.6399999633431435
85,-0.3199999928474426
86,-0.2799999937415123
87,-0.7199999839067459
88,-0.2799999937415123
89,0.6799999848008156
90,0.7199999839067459
91,0.23999999463558197
92,-0.5599999874830246
93,0.7199999839067459
94,-0.3199999928474426
95,0.2799999937415123
96,1.9199999570846558
97,1.6399999633431435
98,0.9999999776482582
99,-0.7199999839067459
100,-0.19999999552965164
101,-0.5999999865889549
102,-0.2799999937415123
103,1.5999999642372131
104,1.6399999633431435
105,-1.0399999767541885
106,-0.9999999776482582
107,-0.9599999785423279
108,-0.5599999874830246
109,-0.6399999856948853
110,0.3999999910593033
111,-0.47999998927116394
112,-0.9199999794363976
113,-0.2799999937415123
114,1.3599999696016312
115,0.35999999195337296
116,-0.9999999776482582
117,0.5999999865889549
118,-0.3999999910593033
119,0.07999999821186066
120,1.3599999696016312
121,-0.5999999865889549
122,-0.5599999874830246
123,0.7599999830126762
124,0.07999999821186066
125,-0.5199999883770943
126,-1.3599999696016312
127,0.6399999856948853
128,-1.2799999713897705
129,-0.9999999776482582
130,-0.4399999901652336
131,-0.7599999830126762
132,-0.3999999910593033
133,-1.0399999767541885
134,1.1999999731779099
135,-0.7199999839067459
136,-0.9199999794363976
137,-0.5199999883770943
138,1.2799999713897705
139,0.23999999463558197
140,0.3999999910593033
141,-0.9999999776482582
142,-1.2799999713897705
143,0.5599999874830246
144,-0.2799999937415123
145,-0.6799999848008156
146,-0.23999999463558197
147,-0.5999999865889549
148,-0.7199999839067459
149,-0.7599999830126762
150,-0.35999999195337296
151,0.6799999848008156
152,-0.3999999910593033
153,-1.0399999767541885
154,-0.9599999785423279
155,-0.35999999195337296
156,0.6399999856948853
157,0.4399999901652336
158,-0.5999999865889549
159,-0.6399999856948853
160,-0.5199999883770943
161,1.2399999722838402
162,0.11999999731779099
163,-0.9199999794363976
164,-0.6399999856948853
165,-0.8799999803304672
166,-0.07999999821186066
167,-0.7199999839067459
168,-0.7599999830126762
169,-0.9199999794363976
170,1.7199999615550041
171,-0.1599999964237213
172,-0.9199999794363976
173,1.0399999767541885
174,-0.9599999785423279
175,0.5199999883770943
176,0.3999999910593033
177,-0.2799999937415123
178,-0.35999999195337296
179,-0.6399999856948853
180,0.3199999928474426
181,-0.8399999812245369
182,0.3999999910593033
183,0.11999999731779099
184,0.7199999839067459
185,0.6399999856948853
186,0.0
187,0.3199999928474426
188,-0.5999999865889549
189,0.6399999856948853
190,-1.3599999696016312
191,-1.2399999722838402
192,-1.0399999767541885
193,-0.9599999785423279
194,-0.9599999785423279
195,0.6799999848008156
196,0.6799999848008156
197,-0.7599999830126762
198,-0.6399999856948853
199,0.2799999937415123
200,-0.9999999776482582
201,0.35999999195337296
202,0.3199999928474426
203,-0.3999999910593033
204,0.1599999964237213
205,0.6399999856948853
206,0.35999999195337296
207,-1.2799999713897705
208,-0.9599999785423279
209,-0.9999999776482582
210,0.3199999928474426
211,0.23999999463558197
212,-0.5999999865889549
213,-1.2799999713897705
214,-0.8799999803304672
215,-0.4399999901652336
216,-0.9999999776482582
217,0.3999999910593033
218,-0.11999999731779099
219,0.35999999195337296
220,-0.3999999910593033
221,-0.6399999856948853
222,-0.5199999883770943
223,-0.7199999839067459
224,0.5999999865889549
225,0.7199999839067459
226,0.6799999848008156
227,-0.3199999928474426
228,-0.7199999839067459
229,-1.3199999704957008
230,-1.1999999731779099
231,-1.2799999713897705
232,-0.9999999776482582
233,0.7599999830126762
234,1.9199999570846558
235,-0.47999998927116394
236,-0.6399999856948853
237,-0.7999999821186066
238,-0.03999999910593033
239,-0.6399999856948853
240,-0.9599999785423279
241,-0.6399999856948853
242,1.9199999570846558
243,0.0
244,-0.5999999865889549
245,-0.3999999910593033
246,-1.3199999704957008
247,-0.35999999195337296
248,0.23999999463558197
249,0.6799999848008156
250,-0.35999999195337296
251,-0.3199999928474426
252,-0.19999999552965164
253,0.7599999830126762
254,-0.6399999856948853
255,-0.03999999165534973
256,-0.5999999865889549
257,-0.7199999839067459
258,0.6399999856948853
259,-0.23999999463558197
260,1.959999956190586
261,-0.8399999812245369
262,2.9999999329447746
263,-0.6799999848008156
264,-0.35999999195337296
265,-0.6799999848008156
266,0.3999999910593033
267,-0.6399999856948853
268,-1.0399999767541885
269,-0.6399999856948853
270,-0.3999999910593033
271,0.3199999928474426
272,0.35999999195337296
273,-0.6799999848008156
274,-0.6399999856948853
275,1.6799999624490738
276,-0.6399999856948853
277,-0.35999999195337296
278,0.5999999865889549
279,0.5999999865889549
280,-0.7599999830126762
281,0.9999999776482582
282,-0.5999999865889549
283,0.6799999848008156
284,0.7199999839067459
285,-0.35999999195337296
286,-0.5599999874830246
287,0.6799999848008156
288,-0.6799999848008156
289,0.5999999865889549
290,-0.3199999928474426
291,-0.9599999785423279
292,0.4399999901652336
293,-0.23999999463558197
294,-0.7199999839067459
295,0.6399999856948853
296,3.039999932050705
297,1.6399999633431435
298,-0.03999999910593033
299,0.35999999195337296
300,-0.9599999785423279
301,-0.7199999839067459
302,2.9599999338388443
303,0.7199999839067459
304,-0.3199999928474426
305,1.5999999642372131
306,-1.0799999758601189
307,0.7199999839067459
308,0.07999999821186066
309,-0.3199999928474426
310,-0.35999999195337296
311,0.2799999937415123
312,-0.6399999856948853
313,-0.5999999865889549
314,-0.6399999856948853
315,0.0
316,-0.7999999821186066
317,-1.0399999767541885
318,-0.6399999856948853
319,-0.7199999839067459
320,-0.35999999195337296
321,1.9199999570846558
322,-0.35999999195337296
323,-0.5599999874830246
324,0.11999999731779099
325,-1.0399999767541885
326,0.11999999731779099
327,-0.7599999830126762
328,-1.3999999687075615
329,0.5999999865889549
330,0.7199999839067459
331,-0.9599999785423279
332,-1.2399999722838402
333,-0.03999999910593033
334,-0.9999999776482582
335,-0.5599999874830246
336,-1.0399999767541885
337,-0.8399999812245369
338,-0.3999999910593033
339,0.9199999794363976
340,-0.6799999848008156
341,-0.9199999794363976
342,-0.47999998927116394
343,0.5999999865889549
344,-0.9999999776482582
345,-0.7199999839067459
346,-0.6399999856948853
347,-0.5999999865889549
348,-0.3199999928474426
349,0.2799999937415123
350,-0.9999999776482582
351,-0.47999998927116394
352,2.7199999392032623
353,-0.6799999848008156
354,-0.9599999785423279
355,-0.19999999552965164
356,-0.3199999928474426
357,-0.5999999865889549
358,0.2799999937415123
359,0.9999999776482582
360,-0.8399999812245369
361,-0.7199999839067459
362,-0.6799999848008156
363,-0.9199999794363976
364,-0.47999998927116394
365,0.11999999731779099
366,1.8799999579787254
367,0.5999999865889549
368,0.6399999856948853
369,-0.6799999848008156
370,-0.7199999839067459
371,-0.4399999901652336
372,-1.0399999767541885
373,-0.5999999865889549
374,-0.5999999865889549
375,-0.9199999794363976
376,-1.0799999758601189
377,0.6399999856948853
378,0.6799999848008156
379,-0.7199999839067459
380,-0.7199999839067459
381,-0.3199999928474426
382,-1.2799999713897705
383,-0.6399999856948853
384,-0.6399999856948853
385,0.07999999821186066
386,0.6399999856948853
387,0.5999999865889549
388,-0.3999999910593033
389,-1.2399999722838402
390,-0.7599999830126762
391,-1.0399999767541885
392,1.5199999660253525
393,-0.9199999794363976
394,-0.5999999865889549
395,0.2799999937415123
396,-0.2799999937415123
397,0.2799999937415123
398,-0.5999999865889549
399,1.3599999696016312
400,-0.47999998927116394
401,-0.5999999865889549
402,0.11999999731779099
403,0.3999999910593033
404,0.5999999865889549
405,0.7199999839067459
406,-0.6799999848008156
407,0.35999999195337296
408,-0.6399999856948853
409,-1.3199999704957008
410,-0.23999999463558197
411,-1.2799999713897705
412,-0.6799999848008156
413,-0.9999999776482582
414,-0.5599999874830246
415,-0.9599999785423279
416,-0.47999998927116394
417,1.6399999633431435
418,-0.7199999839067459
419,0.6799999848008156
420,-1.3599999696016312
421,-0.23999999463558197
422,-0.35999999195337296
423,-0.8799999803304672
424,1.8799999579787254
425,0.6399999856948853
426,-0.6399999856948853
427,-0.23999999463558197
428,-1.3199999704957008
429,-0.8399999812245369
430,-0.3999999910593033
431,-0.07999999821186066
432,0.9599999785423279
433,0.07999999821186066
434,-0.5199999883770943
435,-0.5999999865889549
436,-1.2799999713897705
437,-0.9599999785423279
438,0.6799999848008156
439,-0.6399999856948853
440,-0.35999999195337296
441,0.6799999848008156
442,-1.3599999696016312
443,-0.9999999776482582
444,0.6799999848008156
445,0.35999999195337296
446,-1.0399999767541885
447,-0.23999999463558197
448,1.6399999633431435
449,-0.3199999928474426
450,1.4399999678134918
451,-0.7199999839067459
452,-0.7199999839067459
453,-0.9999999776482582
454,0.3199999928474426
455,0.6399999856948853
456,-1.0399999767541885
457,-0.9999999776482582
458,-0.11999999731779099
459,-0.9599999785423279
460,-0.35999999195337296
461,-0.5999999865889549
462,0.6399999856948853
463,-0.9599999785423279
464,-0.9999999776482582
465,-1.0399999767541885
466,-0.9599999785423279
467,-1.3199999704957008
468,0.3999999910593033
469,0.7199999839067459
470,-0.5999999865889549
471,-0.7199999839067459
472,0.7999999821186066
473,-1.0399999767541885
474,-0.6799999848008156
475,-0.3999999910593033
476,0.5999999865889549
477,0.5999999865889549
478,0.3999999910593033
479,-0.9999999776482582
480,-0.9999999776482582
481,-0.6399999856948853
482,-0.19999999552965164
483,-0.9999999776482582
484,-1.5599999651312828
485,1.5999999642372131
486,-0.3199999928474426
487,-0.9999999776482582
488,-0.3199999928474426
489,-0.11999999731779099
490,-0.9599999785423279
491,-0.8799999803304672
492,-1.2799999713897705
493,-0.7199999839067459
494,0.5999999865889549
495,-0.9199999794363976
496,-0.9199999794363976
497,0.23999999463558197
498,-0.9199999794363976
499,-1.2799999713897705
500,-0.5999999865889549
501,-0.9599999785423279
502,-0.9599999785423279
503,-0.2799999937415123
504,1.0799999758601189
505,-0.9999999776482582
506,-0.6399999856948853
507,-0.7199999839067459
508,-0.8399999812245369
509,-0.9599999785423279
510,0.5599999874830246
511,-0.5599999874830246
512,-0.9999999776482582
513,0.35999999195337296
514,-0.19999999552965164
515,-0.9599999785423279
516,-0.6399999856948853
517,-0.6399999856948853
518,-0.4399999901652336
519,-0.6799999848008156
520,-0.35999999195337296
521,-0.9599999785423279
522,-0.7199999839067459
523,-0.3199999928474426
524,-0.9599999785423279
525,-0.9999999776482582
526,-0.3199999928474426
527,-0.7199999839067459
528,1.0799999758601189
529,-0.9999999776482582
530,-0.07999999821186066
531,0.7199999839067459
532,-0.8799999803304672
533,0.6399999856948853
534,-0.6399999856948853
535,0.35999999195337296
536,-1.6799999624490738
537,0.9999999776482582
538,1.8799999579787254
539,-0.9599999785423279
540,-0.3199999928474426
541,0.23999999463558197
542,-0.9999999776482582
543,-0.9599999785423279
544,-0.9599999785423279
545,0.35999999195337296
546,-1.3199999704957008
547,-0.1599999964237213
548,-0.6799999848008156
549,-0.35999999195337296
550,1.959999956190586
551,1.0399999767541885
552,-0.6799999848008156
553,-1.2799999713897705
554,0.6799999848008156
555,-0.07999999821186066
556,-0.6799999848008156
557,-0.3199999928474426
558,-0.5999999865889549
559,0.23999999463558197
560,-0.47999998927116394
561,-0.9999999776482582
562,-0.9999999776482582
563,-1.0399999767541885
564,0.6399999856948853
565,0.9999999776482582
566,-0.47999998927116394
567,0.2799999937415123
568,-0.35999999195337296
569,-0.7199999839067459
570,-1.1999999731779099
571,0.5999999865889549
572,0.6799999848008156
573,0.5599999874830246
574,-1.0399999767541885
575,-0.03999999910593033
576,-0.6399999856948853
577,-0.7199999839067459
578,-0.5999999865889549
579,0.6399999856948853
580,-0.8799999803304672
581,0.6399999856948853
582,-0.6399999856948853
583,-0.2799999937415123
584,-0.6799999848008156
585,-0.6799999848008156
586,-0.4399999901652336
587,0.8799999803304672
588,-0.5599999874830246
589,-0.9199999794363976
590,-1.3999999687075615
591,0.6399999856948853
592,-0.3999999910593033
593,-0.6799999848008156
594,-0.19999999552965164
595,-0.6799999848008156
596,-0.6799999848008156
597,-0.9999999776482582
598,1.2399999722838402
599,-0.7599999830126762
600,0.2799999937415123
601,-0.6399999856948853
602,0.7199999839067459
603,-0.3199999928474426
604,0.07999999821186066
605,0.6799999848008156
606,-0.3199999928474426
607,-0.9999999776482582
608,-0.6799999848008156
609,1.0399999767541885
610,0.6799999848008156
611,-0.9999999776482582
612,0.0
613,0.6799999848008156
614,-0.7199999839067459
615,-0.7999999821186066
616,-0.9199999794363976
617,-0.5599999874830246
618,-1.0399999767541885
619,-0.6399999856948853
620,-0.7199999839067459
621,-0.2799999937415123
622,-0.2799999937415123
623,-0.4399999901652336
624,0.3199999928474426
625,-0.7199999839067459
626,-0.7999999821186066
627,-0.6399999856948853
628,1.7599999606609344
629,-0.03999999910593033
630,2.43999994546175
631,-0.4399999901652336
632,0.7599999830126762
633,0.6799999848008156
634,-0.9599999785423279
635,-0.07999999821186066
636,-0.1599999964237213
637,-0.5999999865889549
638,0.3199999928474426
639,0.6799999848008156
640,-0.2799999937415123
641,1.7599999606609344
642,-1.2799999713897705
643,0.2799999937415123
644,-0.9199999794363976
645,0.6399999856948853
646,0.6799999848008156
647,-0.9599999785423279
648,-0.9999999776482582
649,-0.6399999856948853
650,0.8799999803304672
651,-0.2799999937415123
652,-0.9999999776482582
653,-0.07999999821186066
654,-0.23999999463558197
655,0.7199999839067459
656,-0.3199999928474426
657,-1.2799999713897705
658,0.7999999821186066
659,-0.4399999901652336
660,-0.6799999848008156
661,1.0799999758601189
662,-0.3199999928474426
663,-1.1599999740719795
664,-0.9999999776482582
665,-0.3199999928474426
666,0.7199999839067459
667,0.03999999910593033
668,0.9199999794363976
669,0.7199999839067459
670,-0.3199999928474426
671,0.35999999195337296
672,-0.6399999856948853
673,-0.6399999856948853
674,-0.07999999821186066
675,-0.35999999195337296
676,1.9999999552965164
677,-0.7199999839067459
678,-1.3199999704957008
679,0.3199999928474426
680,1.3599999696016312
681,-0.4399999901652336
682,1.6399999633431435
683,-0.7199999839067459
684,-0.9999999776482582
685,-0.2799999937415123
686,0.7999999821186066
687,-0.6399999856948853
688,0.1599999964237213
689,-0.6399999856948853
690,-1.0799999758601189
691,-0.7599999830126762
692,-0.6799999848008156
693,0.5999999865889549
694,-0.5199999883770943
695,-1.3999999687075615
696,0.6399999856948853
697,-0.6399999856948853
698,0.23999999463558197
699,-0.3999999910593033
700,0.3199999928474426
701,0.5599999874830246
702,0.3199999928474426
703,0.6799999848008156
704,-0.5999999865889549
705,-0.9599999785423279
706,-0.35999999195337296
707,-1.2799999713897705
708,-0.2799999937415123
709,0.6799999848008156
710,-0.6399999856948853
711,-0.23999999463558197
712,0.4399999901652336
713,-0.6399999856948853
714,-1.3999999687075615
715,0.4399999901652336
716,-0.9599999785423279
717,-0.9999999776482582
718,0.7999999821186066
719,-1.3199999704957008
720,-0.7599999830126762
721,-0.5999999865889549
722,-0.6799999848008156
723,-0.7199999839067459
724,-0.5199999883770943
725,0.0
726,-0.7199999839067459
727,-0.9599999785423279
728,-0.6799999848008156
729,-0.9999999776482582
730,-0.6399999856948853
731,-0.23999999463558197
732,-0.5999999865889549
733,-0.03999999910593033
734,1.5999999642372131
735,-1.2799999713897705
736,-0.6799999848008156
737,-0.6799999848008156
738,-0.9999999776482582
739,1.7199999615550041
740,-0.19999999552965164
741,-1.2799999713897705
742,-0.6799999848008156
743,-0.6799999848008156
744,-0.6399999856948853
745,-0.7199999839067459
746,-0.2799999937415123
747,-1.2799999713897705
748,-1.3199999704957008
749,-0.2799999937415123
750,0.2799999937415123
751,0.3199999928474426
752,-1.3599999696016312
753,1.9199999570846558
754,2.079999953508377
755,-0.5999999865889549
756,0.47999998927116394
757,-0.7199999839067459
758,0.3999999910593033
759,0.5999999865889549
760,-1.0399999767541885
761,-0.9599999785423279
762,1.5999999642372131
763,0.6399999856948853
764,0.3199999928474426
765,-0.2799999937415123
766,-0.9999999776482582
767,-0.9599999785423279
768,-0.6399999856948853
769,-1.0799999758601189
770,0.35999999195337296
771,0.5199999883770943
772,-0.23999999463558197
773,-0.5599999874830246
774,0.4399999901652336
775,-0.5999999865889549
776,-0.3199999928474426
777,-0.7199999839067459
778,-0.5999999865889549
779,0.23999999463558197
780,-0.6399999856948853
781,-0.6799999848008156
782,1.9999999552965164
783,0.6399999856948853
784,-0.4399999901652336
785,0.6399999856948853
786,0.23999999463558197
787,-0.7199999839067459
788,0.7199999839067459
789,1.6799999624490738
790,-0.9599999785423279
791,-0.3199999928474426
792,0.7199999839067459
793,0.3199999928474426
794,0.0
795,-0.7199999839067459
796,0.2799999937415123
797,-0.9999999776482582
798,-0.7999999821186066
799,-0.23999999463558197
800,-0.9599999785423279
801,0.6799999848008156
802,0.9999999776482582
803,0.9199999794363976
804,0.6799999848008156
805,1.1199999749660492
806,0.3999999910593033
807,-0.6799999848008156
808,1.6399999633431435
809,0.6399999856948853
810,0.2799999937415123
811,-0.3199999928474426
812,0.3199999928474426
813,0.2799999937415123
814,-0.8799999803304672
815,-0.9599999785423279
816,-0.35999999195337296
817,0.6799999848008156
818,-0.5599999874830246
819,0.9599999785423279
820,-0.6799999848008156
821,-0.7199999839067459
822,-1.2799999713897705
823,1.7199999615550041
824,-0.4399999901652336
825,-0.6399999856948853
826,-0.23999999463558197
827,0.7199999839067459
828,1.959999956190586
829,0.5999999865889549
830,-0.9999999776482582
831,1.9999999552965164
832,-0.6399999856948853
833,0.3199999928474426
834,0.35999999195337296
835,-0.5999999865889549
836,-1.1999999731779099
837,-1.0399999767541885
838,0.7199999839067459
839,0.11999999731779099
840,-0.5999999865889549
841,-0.11999999731779099
842,-0.9999999776482582
843,-1.0799999758601189
844,-0.1599999964237213
845,-1.6799999549984932
846,-0.23999999463558197
847,-2.1599999517202377
848,-1.2799999713897705
849,-2.6399999409914017
850,-0.19999999552965164
851,-2.5999999418854713
852,-1.839999958872795
853,-2.43999994546175
854,-0.35999999195337296
855,-2.2399999499320984
856,-0.6799999848008156
857,-0.7599999830126762
858,-0.5999999865889549
859,-3.1999999284744263
860,-3.8399999141693115
861,-3.879999913275242
862,-3.519999921321869
863,-3.1999999284744263
864,-3.5599999204277992
865,-3.5599999204277992
866,-4.159999907016754
867,-4.1999999061226845
868,-3.8399999141693115
869,-4.159999907016754
870,-4.159999907016754
871,-3.8399999141693115
872,-4.159999907016754
873,-4.159999907016754
874,-3.519999921321869
875,-4.159999907016754
876,-3.879999913275242
877,-3.4799999222159386
878,-3.879999913275242
879,-4.239999905228615
880,-4.159999907016754
881,-1.6799999624490738
882,-3.519999921321869
883,-2.3999999463558197
884,-1.5999999642372131
885,-3.519999921321869
886,-4.159999907016754
887,-4.159999907016754
888,-4.799999892711639
889,-3.8399999141693115
890,-1.5199999660253525
891,-0.9599999785423279
892,-1.3199999704957008
893,-3.4399999231100082
894,-0.03999999910593033
895,-0.9599999785423279
896,0.3199999928474426
897,-3.519999921321869
898,-4.159999907016754
899,-4.159999907016754
900,-4.519999898970127
901,-4.159999907016754
902,-4.1999999061226845
903,-3.519999921321869
904,-3.799999915063381
905,-4.159999907016754
906,-4.159999907016754
907,-4.159999907016754
908,-4.479999899864197
909,-4.4399999007582664
910,-3.8399999141693115
911,-4.039999909698963
912,-3.519999921321869
913,-3.159999929368496
914,-4.479999899864197
915,-2.8799999356269836
916,-1.4799999669194221
917,-2.799999937415123
918,-4.479999899864197
919,-3.8399999141693115
920,-4.1999999061226845
921,-4.159999907016754
922,-3.519999921321869
923,-4.479999899864197
924,-4.119999907910824
925,-4.479999899864197
926,-4.479999899864197
927,-0.27000001445412636
928,0.06999995931982994
929,-0.6000000275671482
930,-0.6600000262260437
931,-0.6600000262260437
932,-0.39000001177191734
933,-1.3200000524520874
934,-0.6600000262260437
935,-0.6600000262260437
936,0.17999999597668648
937,-0.45000001043081284
938,-0.11000003665685654
939,0.6699999868869781
940,-0.8700000420212746
941,-0.4800000302493572
942,-1.1100000366568565
943,0.3399999737739563
944,-0.7200000248849392
945,-0.9300000406801701
946,-1.380000051110983
947,-0.9900000393390656
948,-1.1100000366568565
949,-0.7100000642240047
950,-1.050000037997961
951,-0.7200000248849392
952,-1.7100000642240047
953,-0.8400000222027302
954,0.3999999724328518
955,-0.9300000406801701
956,-1.260000053793192
957,-0.050000037997961044
958,0.4599999710917473
959,-0.7800000235438347
960,0.7899999842047691
961,-0.7200000248849392
962,0.24999995529651642
963,-1.1100000366568565
964,-2.100000075995922
965,-0.9600000195205212
966,-1.050000037997961
967,-0.8700000420212746
968,-0.9300000406801701
969,-1.6500000655651093
970,-1.380000051110983
971,-1.7100000642240047
972,-0.2600000537931919
973,-0.8700000420212746
974,-1.1100000366568565
975,-0.5400000289082527
976,-1.7100000642240047
977,-0.14000005647540092
978,-2.190000094473362
979,-1.310000091791153
980,-1.7100000642240047
981,1.119999997317791
982,-1.9200000800192356
983,0.06999995931982994
984,-1.1100000366568565
985,-2.0400000773370266
986,-2.7000001035630703
987,0.6099999882280827
988,-2.3700000904500484
989,-0.8100000433623791
990,-2.100000075995922
991,-2.1600000746548176
992,-0.33000001311302185
993,-2.310000091791153
994,-1.380000051110983
995,-2.9700001180171967
996,-2.310000091791153
997,-1.9200000800192356
998,-0.3200000524520874
999,-1.6500000655651093
1000,-1.3200000524520874
1001,-1.5900000669062138
1002,-1.8600000813603401
1003,-1.4100000709295273
1004,-1.6500000655651093
1005,-1.8600000813603401
1006,-0.9900000393390656
1007,-1.1100000366568565
1008,-1.3200000524520874
1009,2.7299999855458736
1010,-0.7200000286102295
1011,-2.430000089108944
1012,0.18999995663762093
1013,-1.7100000642240047
1014,-1.1100000366568565
1015,0.3399999737739563
1016,-0.9900000393390656
1017,0.5199999697506428
1018,0.4599999710917473
1019,-1.050000037997961
1020,0.5199999697506428
1021,-1.260000053793192
1022,0.009999960660934448
1023,-0.7200000248849392
1024,0.5199999697506428
1025,-0.6000000275671482
1026,-0.5700000487267971
1027,0.9699999801814556
1028,2.7299999855458736
1029,-0.6600000262260437
1030,-0.6600000262260437
1031,-0.6000000275671482
1032,-0.6600000262260437
1033,-0.7500000447034836
1034,1.3399999737739563
1035,-0.39000001177191734
1036,-0.9900000393390656
1037,-0.9300000406801701
1038,-0.4800000302493572
1039,-0.7200000248849392
1040,0.6699999868869781
1041,-0.21000001579523087
1042,-2.0400000773370266
1043,0.7299999855458736
1044,-0.3800000511109829
1045,-0.20000005513429642
1046,0.7899999842047691
1047,0.12999995797872543
1048,-0.9900000393390656
1049,-1.050000037997961
1050,-1.1100000366568565
1051,0.8499999828636646
1052,-0.8700000420212746
1053,-1.380000051110983
1054,-1.4400000497698784
1055,-1.3200000524520874
1056,-0.9900000393390656
1057,0.3399999737739563
1058,0.6099999882280827
1059,-2.100000075995922
1060,-1.7100000642240047
1061,-0.9800000786781311
1062,-1.6500000655651093
1063,-1.1100000366568565
1064,-0.39000001177191734
1065,-1.140000056475401
1066,-1.1100000366568565
1067,-1.9200000800192356
1068,-1.5600000470876694
1069,-1.170000035315752
1070,-1.050000037997961
1071,-0.9900000393390656
1072,1.7299999855458736
1073,-0.17999999597668648
1074,-1.170000035315752
1075,-0.7200000248849392
1076,-1.1100000366568565
1077,0.2199999764561653
1078,-1.6200000457465649
1079,-1.1100000366568565
1080,-1.170000035315752
1081,0.5499999895691872
1082,0.2199999764561653
1083,0.15999997779726982
1084,-0.6600000262260437
1085,-1.260000053793192
1086,-0.39000001177191734
1087,-1.5600000470876694
1088,-0.7799999825656414
1089,-0.9600000195205212
1090,-1.170000035315752
1091,-0.7800000235438347
1092,-0.7800000235438347
1093,-1.5000000484287739
1094,-1.1100000366568565
1095,-1.440000046044588
1096,-0.45000001043081284
1097,0.6099999882280827
1098,-1.3200000524520874
1099,-0.5700000077486038
1100,-1.170000035315752
1101,-1.1100000366568565
1102,-1.2300000339746475
1103,-1.1100000366568565
1104,0.6099999882280827
1105,-1.2300000339746475
1106,-0.6600000262260437
1107,-1.5000000484287739
1108,0.2799999751150608
1109,0.3999999724328518
1110,-1.1100000366568565
1111,-1.2000000141561031
1112,0.4299999922513962
1113,-0.5100000090897083
1114,-0.9000000208616257
1115,0.6699999868869781
1116,-0.45000001043081284
1117,-0.5700000077486038
1118,0.6699999868869781
1119,-0.45000001043081284
1120,-0.5100000090897083
1121,0.6099999882280827
1122,-0.39000001177191734
1123,0.3099999949336052
1124,-1.170000035315752
1125,-0.5100000090897083
1126,-0.45000001043081284
1127,0.8499999828636646
1128,-0.9600000232458115
1129,0.6099999882280827
1130,-1.260000053793192
1131,-0.7800000235438347
1132,-0.7200000248849392
1133,1.6699999868869781
1134,-1.1100000366568565
1135,-0.5100000090897083
1136,1.9099999815225601
1137,-0.050000037997961044
1138,-1.1100000366568565
1139,-1.050000037997961
1140,-0.8700000420212746
1141,1.3999999724328518
1142,-1.4400000497698784
1143,-2.3700000904500484
1144,-1.9200000800192356
1145,-2.100000075995922
1146,-1.5600000470876694
1147,-0.7200000248849392
